 <pre>

 Contingency table for Cloud base (m)
 Selection: Ireland     27 stations
Period: 20180601-20180614
Used {00,12} + 01 02 ... 24
 Limits    70.0000000       150.000000       300.000000       600.000000       1000.00000       1500.00000       2500.00000       5000.00000    
 Each class is data <= limit, the very last > last limit
 Total number of values       13899
                                                       OBSERVATION
                                    292      108       48       20        6       19       31       30        1 |       555
                                    106       96       44       27        6        9       23        3        1 |       315
                                     92      128      223      135       20       16       34       23        2 |       673
                                    111      100      299      511      211      126       43       40        5 |      1446
               2500m_WOPTMOIST       89      116      196      712     1026      461      101       79       14 |      2794
                                     97       47      113      401      856      912      135       82       38 |      2681
                                     51       46       20      124      173      217      140       67       20 |       858
                                     17       17       11       54       50       61       88      145       18 |       461
                                    185      146      181      502      820      899      448      572      363 |      4116

                    SUM            1040      804     1135     2486     3168     2720     1043     1041      462 |     13899
                                                       OBSERVATION
                                    252       84       23       11        3       16       16       28        1 |       434
                                    101       64       25       11        3        3        6        4        0 |       217
                                    117      151      201       75       17       13        9       11        3 |       597
                                    114      142      328      487      184      116       54       34       10 |      1469
                750m_WOPTMOIST       75       78      178      700     1049      495      111       53       23 |      2762
                                     63       36       93      359      654      682      106       51       22 |      2066
                                     33       27       38      154      207      241      119       25       11 |       855
                                     15        7       14       84       73       80       98      143       20 |       534
                                    270      215      235      605      978     1074      524      692      372 |      4965

                    SUM            1040      804     1135     2486     3168     2720     1043     1041      462 |     13899

