 <pre>

 Contingency table for Cloud base (m)
 Selection: ALL     32 stations
Period: 20180601-20180614
Used {00,12} + 01 02 ... 24
 Limits    70.0000000       150.000000       300.000000       600.000000       1000.00000       1500.00000       2500.00000       5000.00000    
 Each class is data <= limit, the very last > last limit
 Total number of values       16027
                                                       OBSERVATION
                                    345      110       54       31        7       21       32       31        1 |       632
                                    126      103       50       33        9        9       23        5        1 |       359
                                    108      153      242      152       27       25       37       24        2 |       770
                                    120      107      311      567      226      153       50       45       10 |      1589
               2500m_WOPTMOIST       95      123      208      836     1119      545      120       93       24 |      3163
                                    109       49      121      439      938     1062      163      103       45 |      3029
                                     53       48       23      155      198      279      183       74       26 |      1039
                                     24       17       13       65       63       64       98      169       21 |       534
                                    229      158      191      557      930     1136      559      686      466 |      4912

                    SUM            1209      868     1213     2835     3517     3294     1265     1230      596 |     16027
                                                       OBSERVATION
                                    294       87       23       14        3       19       16       29        1 |       486
                                    115       67       27       17        3        3        6        4        0 |       242
                                    143      166      216       83       22       18        9       11        3 |       671
                                    120      151      347      539      198      133       56       35       10 |      1589
                750m_WOPTMOIST       94       83      192      814     1127      561      125       68       23 |      3087
                                     69       38       97      392      728      813      125       58       26 |      2346
                                     40       30       43      186      228      299      141       28       19 |      1014
                                     16        7       17      107       93       84      109      159       21 |       613
                                    318      239      251      683     1115     1364      678      838      493 |      5979

                    SUM            1209      868     1213     2835     3517     3294     1265     1230      596 |     16027

